id,store_name,日付,機種,台番,差枚,G数,BB,RB,合成,updated_at
20076,エスパス上野新館,2025-02-26,スマスロ モンスターハンターライズ,2192,12774,6540,0,0,-,2025-12-26 09:17:42
20077,エスパス上野新館,2025-02-26,チバリヨ2,2081,10031,4493,0,0,-,2025-12-26 09:17:42
20078,エスパス上野新館,2025-02-26,Lパチスロ革命機ヴァルヴレイヴ,2155,9892,3348,0,0,-,2025-12-26 09:17:42
20079,エスパス上野新館,2025-02-26,Lルパン三世 大航海者の秘宝,2063,5798,2404,0,0,-,2025-12-26 09:17:42
20080,エスパス上野新館,2025-02-26,L ToLOVEるダークネス,2194,5509,4254,0,0,-,2025-12-26 09:17:42
20081,エスパス上野新館,2025-02-26,Lスマスロ北斗の拳,2226,5018,2510,47,2,1/51,2025-12-26 09:17:42
20082,エスパス上野新館,2025-02-26,Lパチスロ ダンベル何キロ持てる？,2130,4589,5025,0,0,-,2025-12-26 09:17:42
20083,エスパス上野新館,2025-02-26,スマスロ痛いのは嫌なので防御力に極振りしたいと思います。,3100,4209,1315,0,0,-,2025-12-26 09:17:42
20084,エスパス上野新館,2025-02-26,マイジャグラーV,2015,3916,7434,39,31,1/106,2025-12-26 09:17:42
20085,エスパス上野新館,2025-02-26,スマスロ モンスターハンターライズ,2139,3803,7965,0,0,-,2025-12-26 09:17:42
20086,エスパス上野新館,2025-02-26,Lパチスロ炎炎ノ消防隊,3098,3702,2259,0,0,-,2025-12-26 09:17:42
20087,エスパス上野新館,2025-02-26,スマスロモンキーターンV,2243,3422,2102,0,0,-,2025-12-26 09:17:42
20088,エスパス上野新館,2025-02-26,スマスロ ゴッドイーター リザレクション,2248,3116,3493,0,0,-,2025-12-26 09:17:42
20089,エスパス上野新館,2025-02-26,沖ドキ！BLACK,2071,2816,2569,0,0,-,2025-12-26 09:17:42
20090,エスパス上野新館,2025-02-26,マイジャグラーV,2124,2805,7448,40,21,1/122,2025-12-26 09:17:42
20091,エスパス上野新館,2025-02-26,スマスロ聖戦士ダンバイン,3059,2713,1325,0,0,-,2025-12-26 09:17:42
20092,エスパス上野新館,2025-02-26,スマスロモンキーターンV,2239,2710,2520,0,0,-,2025-12-26 09:17:42
20093,エスパス上野新館,2025-02-26,スマスロモンキーターンV,2246,2602,5613,0,0,-,2025-12-26 09:17:42
20094,エスパス上野新館,2025-02-26,スマスロ ゴッドイーター リザレクション,2249,2516,1372,0,0,-,2025-12-26 09:17:42
20095,エスパス上野新館,2025-02-26,A-SLOT+ ディスクアップ ULTRAREMIX,3008,2408,5938,26,12,1/156,2025-12-26 09:17:42
20096,エスパス上野新館,2025-02-26,Lスマスロ北斗の拳,2229,2408,2076,33,6,1/53,2025-12-26 09:17:42
20097,エスパス上野新館,2025-02-26,マイジャグラーV,2019,2301,5212,29,16,1/116,2025-12-26 09:17:42
20098,エスパス上野新館,2025-02-26,マイジャグラーV,2146,2295,8311,39,26,1/128,2025-12-26 09:17:42
20099,エスパス上野新館,2025-02-26,スマスロ スーパーブラックジャック,2258,2216,3081,0,0,-,2025-12-26 09:17:42
20100,エスパス上野新館,2025-02-26,マイジャグラーV,2125,2213,7040,31,29,1/117,2025-12-26 09:17:42
20101,エスパス上野新館,2025-02-26,マイジャグラーV,2144,2107,6995,30,32,1/113,2025-12-26 09:17:42
20102,エスパス上野新館,2025-02-26,SアイムジャグラーＥＸ,2010,2104,3439,21,10,1/111,2025-12-26 09:17:42
20103,エスパス上野新館,2025-02-26,バーサスリヴァイズ,3010,2003,4919,0,0,-,2025-12-26 09:17:42
20104,エスパス上野新館,2025-02-26,スマスロ スーパーブラックジャック,2255,1916,3034,0,0,-,2025-12-26 09:17:42
20105,エスパス上野新館,2025-02-26,パチスロ　甲鉄城のカバネリ,3102,1914,2789,0,0,-,2025-12-26 09:17:42
20106,エスパス上野新館,2025-02-26,スマスロ スーパーブラックジャック,2256,1808,2350,0,0,-,2025-12-26 09:17:42
20107,エスパス上野新館,2025-02-26,Lスーパービンゴネオ,2134,1807,2897,0,0,-,2025-12-26 09:17:42
20108,エスパス上野新館,2025-02-26,ミスタージャグラー,2040,1807,6292,0,0,-,2025-12-26 09:17:42
20109,エスパス上野新館,2025-02-26,スマスロ モンスターハンターライズ,2137,1801,4531,0,0,-,2025-12-26 09:17:42
20110,エスパス上野新館,2025-02-26,マイジャグラーV,2122,1712,7333,32,27,1/124,2025-12-26 09:17:42
20111,エスパス上野新館,2025-02-26,L東京喰種,2160,1516,3552,0,0,-,2025-12-26 09:17:42
20112,エスパス上野新館,2025-02-26,マイジャグラーV,2142,1514,9180,34,41,1/122,2025-12-26 09:17:42
20113,エスパス上野新館,2025-02-26,Lパチスロ炎炎ノ消防隊,3097,1512,1262,0,0,-,2025-12-26 09:17:42
20114,エスパス上野新館,2025-02-26,L ＨＥＹ！エリートサラリーマン鏡,3055,1511,2030,0,0,-,2025-12-26 09:17:42
20115,エスパス上野新館,2025-02-26,沖ドキ！ＧＯＬＤ-30,2085,1501,4154,0,0,-,2025-12-26 09:17:42
20116,エスパス上野新館,2025-02-26,新ハナビ,3072,1402,4770,0,0,-,2025-12-26 09:17:42
20117,エスパス上野新館,2025-02-26,マイジャグラーV,2153,1205,4505,21,11,1/141,2025-12-26 09:17:42
20118,エスパス上野新館,2025-02-26,沖ドキ！ＧＯＬＤ-30,2089,1202,4643,0,0,-,2025-12-26 09:17:42
20119,エスパス上野新館,2025-02-26,沖ドキ!ゴージャス 30Φ,2091,1201,2592,0,0,-,2025-12-26 09:17:42
20120,エスパス上野新館,2025-02-26,沖ドキ！ＧＯＬＤ-30,2087,1116,2571,0,0,-,2025-12-26 09:17:42
20121,エスパス上野新館,2025-02-26,Lパチスロ革命機ヴァルヴレイヴ,2178,1115,3723,0,0,-,2025-12-26 09:17:42
20122,エスパス上野新館,2025-02-26,L真・一騎当千,2235,1115,1425,0,0,-,2025-12-26 09:17:42
20123,エスパス上野新館,2025-02-26,L ToLOVEるダークネス,2193,1110,2346,0,0,-,2025-12-26 09:17:42
20124,エスパス上野新館,2025-02-26,マイジャグラーV,2149,1107,3030,16,9,1/121,2025-12-26 09:17:42
20125,エスパス上野新館,2025-02-26,スマスロ 七つの魔剣が支配する,2270,1107,1937,0,0,-,2025-12-26 09:17:42
20126,エスパス上野新館,2025-02-26,マイジャグラーV,2127,1003,4850,22,14,1/135,2025-12-26 09:17:42
20127,エスパス上野新館,2025-02-26,スマスロ モンスターハンターライズ,2135,912,4806,0,0,-,2025-12-26 09:17:42
20128,エスパス上野新館,2025-02-26,SアイムジャグラーＥＸ,2114,911,1994,12,2,1/142,2025-12-26 09:17:42
20129,エスパス上野新館,2025-02-26,沖ドキ！ＧＯＬＤ-30,2086,910,2515,0,0,-,2025-12-26 09:17:42
20130,エスパス上野新館,2025-02-26,交響詩篇エウレカセブン HI-EVOLUTION ZERO TYPE-ART,3069,910,440,0,0,-,2025-12-26 09:17:42
20131,エスパス上野新館,2025-02-26,スマスロ鬼武者3,3030,908,1882,0,0,-,2025-12-26 09:17:42
20132,エスパス上野新館,2025-02-26,パチスロ　甲鉄城のカバネリ,3104,907,928,0,0,-,2025-12-26 09:17:42
20133,エスパス上野新館,2025-02-26,パチスロ　甲鉄城のカバネリ,3106,904,610,0,0,-,2025-12-26 09:17:42
20134,エスパス上野新館,2025-02-26,スマスロ バイオハザード ヴィレッジ,2067,808,2136,0,0,-,2025-12-26 09:17:42
20135,エスパス上野新館,2025-02-26,ゴーゴージャグラー３,2053,808,5003,20,21,1/122,2025-12-26 09:17:42
20136,エスパス上野新館,2025-02-26,沖ドキ！ＧＯＬＤ-30,2072,804,1510,0,0,-,2025-12-26 09:17:42
20137,エスパス上野新館,2025-02-26,今日から俺は!! パチスロ編,3087,803,2502,0,0,-,2025-12-26 09:17:42
20138,エスパス上野新館,2025-02-26,Lバンドリ！,3036,802,758,0,0,-,2025-12-26 09:17:42
20139,エスパス上野新館,2025-02-26,スマスロ シャーマンキング,2269,797,2824,0,0,-,2025-12-26 09:17:42
20140,エスパス上野新館,2025-02-26,Lスマスロ北斗の拳,2214,711,3008,33,7,1/75,2025-12-26 09:17:42
20141,エスパス上野新館,2025-02-26,Lパチスロからくりサーカス,2174,706,247,0,0,-,2025-12-26 09:17:42
20142,エスパス上野新館,2025-02-26,SアイムジャグラーＥＸ,2096,706,3371,15,11,1/130,2025-12-26 09:17:42
20143,エスパス上野新館,2025-02-26,Lスマスロ北斗の拳,2216,703,1450,19,1,1/73,2025-12-26 09:17:42
20144,エスパス上野新館,2025-02-26,バーサスリヴァイズ,3009,610,1193,0,0,-,2025-12-26 09:17:42
20145,エスパス上野新館,2025-02-26,新ハナビ,3074,609,5221,0,0,-,2025-12-26 09:17:42
20146,エスパス上野新館,2025-02-26,SアイムジャグラーＥＸ,2011,608,1549,8,3,1/141,2025-12-26 09:17:42
20147,エスパス上野新館,2025-02-26,マイジャグラーV,2023,608,4318,19,13,1/135,2025-12-26 09:17:42
20148,エスパス上野新館,2025-02-26,パチスロ　甲鉄城のカバネリ,3107,604,804,0,0,-,2025-12-26 09:17:42
20149,エスパス上野新館,2025-02-26,SアイムジャグラーＥＸ,2099,604,4607,21,8,1/159,2025-12-26 09:17:42
20150,エスパス上野新館,2025-02-26,ゴーゴージャグラー３,2055,604,5545,20,24,1/126,2025-12-26 09:17:42
20151,エスパス上野新館,2025-02-26,Lスマスロ北斗の拳,2213,601,1490,19,2,1/71,2025-12-26 09:17:42
20152,エスパス上野新館,2025-02-26,SアイムジャグラーＥＸ,2109,516,3467,14,12,1/133,2025-12-26 09:17:42
20153,エスパス上野新館,2025-02-26,L戦国乙女４　戦乱に閃く炯眼の軍師,2059,516,1915,0,0,-,2025-12-26 09:17:42
20154,エスパス上野新館,2025-02-26,Lスマスロ北斗の拳,2222,513,2698,27,7,1/79,2025-12-26 09:17:42
20155,エスパス上野新館,2025-02-26,沖ドキ!ゴージャス 30Φ,2083,510,3032,0,0,-,2025-12-26 09:17:42
20156,エスパス上野新館,2025-02-26,L聖闘士星矢 海皇覚醒 CUSTOM EDITION,3043,509,589,0,0,-,2025-12-26 09:17:42
20157,エスパス上野新館,2025-02-26,ファンキージャグラー２ＫＴ,2030,509,4580,20,11,1/148,2025-12-26 09:17:42
20158,エスパス上野新館,2025-02-26,SアイムジャグラーＥＸ,2012,509,1739,9,3,1/145,2025-12-26 09:17:42
20159,エスパス上野新館,2025-02-26,L犬夜叉2,3052,508,220,0,0,-,2025-12-26 09:17:42
20160,エスパス上野新館,2025-02-26,Lスマスロ北斗の拳,2230,507,1934,21,1,1/88,2025-12-26 09:17:42
20161,エスパス上野新館,2025-02-26,Lスマスロ北斗の拳,2233,507,759,10,2,1/63,2025-12-26 09:17:42
20162,エスパス上野新館,2025-02-26,Lパチスロからくりサーカス,2170,506,364,0,0,-,2025-12-26 09:17:42
20163,エスパス上野新館,2025-02-26,L東京喰種,2159,502,4183,0,0,-,2025-12-26 09:17:42
20164,エスパス上野新館,2025-02-26,マイジャグラーV,2151,410,5669,24,14,1/149,2025-12-26 09:17:42
20165,エスパス上野新館,2025-02-26,沖ドキ！ＧＯＬＤ-30,2088,408,2369,0,0,-,2025-12-26 09:17:42
20166,エスパス上野新館,2025-02-26,SアイムジャグラーＥＸ,2113,408,1426,6,3,1/158,2025-12-26 09:17:42
20167,エスパス上野新館,2025-02-26,交響詩篇エウレカセブン HI-EVOLUTION ZERO TYPE-ART,3068,407,1463,0,0,-,2025-12-26 09:17:42
20168,エスパス上野新館,2025-02-26,SアイムジャグラーＥＸ,2105,407,4051,16,10,1/156,2025-12-26 09:17:42
20169,エスパス上野新館,2025-02-26,Lパチスロ ダンベル何キロ持てる？,2263,406,269,0,0,-,2025-12-26 09:17:42
20170,エスパス上野新館,2025-02-26,ファンキージャグラー２ＫＴ,2034,403,1955,9,5,1/140,2025-12-26 09:17:42
20171,エスパス上野新館,2025-02-26,ゴーゴージャグラー３,2051,403,4633,18,17,1/132,2025-12-26 09:17:42
20172,エスパス上野新館,2025-02-26,マイジャグラーV,2118,402,5396,19,18,1/146,2025-12-26 09:17:42
20173,エスパス上野新館,2025-02-26,ハッピージャグラーＶＩＩＩ,2005,310,4377,19,12,1/141,2025-12-26 09:17:42
20174,エスパス上野新館,2025-02-26,マイジャグラーV,2021,310,4246,15,18,1/129,2025-12-26 09:17:42
20175,エスパス上野新館,2025-02-26,ゴーゴージャグラー３,2052,310,1194,6,3,1/133,2025-12-26 09:17:42
20176,エスパス上野新館,2025-02-26,パチスロ　ディスクアップ２,3024,307,3710,13,11,1/155,2025-12-26 09:17:42
20177,エスパス上野新館,2025-02-26,L ToLOVEるダークネス,2197,304,3610,0,0,-,2025-12-26 09:17:42
20178,エスパス上野新館,2025-02-26,スマスロモンキーターンV,2237,303,1165,0,0,-,2025-12-26 09:17:42
20179,エスパス上野新館,2025-02-26,L ＨＥＹ！エリートサラリーマン鏡,3054,303,730,0,0,-,2025-12-26 09:17:42
20180,エスパス上野新館,2025-02-26,スマスロ 七つの魔剣が支配する,2271,301,1561,0,0,-,2025-12-26 09:17:42
20181,エスパス上野新館,2025-02-26,ゴーゴージャグラー３,2047,301,6068,23,24,1/129,2025-12-26 09:17:42
20182,エスパス上野新館,2025-02-26,スマスロ頭文字D 2nd,3108,301,242,0,0,-,2025-12-26 09:17:42
20183,エスパス上野新館,2025-02-26,L東京喰種,2165,210,2462,0,0,-,2025-12-26 09:17:42
20184,エスパス上野新館,2025-02-26,SアイムジャグラーＥＸ,2102,209,2739,10,7,1/161,2025-12-26 09:17:42
20185,エスパス上野新館,2025-02-26,L聖闘士星矢 海皇覚醒 CUSTOM EDITION,3042,208,541,0,0,-,2025-12-26 09:17:42
20186,エスパス上野新館,2025-02-26,マイジャグラーV,2027,208,4193,18,10,1/150,2025-12-26 09:17:42
20187,エスパス上野新館,2025-02-26,Lスマスロ北斗の拳,2228,204,920,9,2,1/84,2025-12-26 09:17:42
20188,エスパス上野新館,2025-02-26,L真・一騎当千,2234,203,796,0,0,-,2025-12-26 09:17:42
20189,エスパス上野新館,2025-02-26,沖ドキ！BLACK,2070,201,1515,0,0,-,2025-12-26 09:17:42
20190,エスパス上野新館,2025-02-26,スマスロ聖戦士ダンバイン,3057,201,201,0,0,-,2025-12-26 09:17:42
20191,エスパス上野新館,2025-02-26,Lソードアート・オンライン,3048,109,508,0,0,-,2025-12-26 09:17:42
20192,エスパス上野新館,2025-02-26,スロット ゾンビランドサガ,3095,108,36,0,0,-,2025-12-26 09:17:42
20193,エスパス上野新館,2025-02-26,SアイムジャグラーＥＸ,2110,107,1497,6,4,1/150,2025-12-26 09:17:42
20194,エスパス上野新館,2025-02-26,マイジャグラーV,2117,107,4023,16,9,1/161,2025-12-26 09:17:42
20195,エスパス上野新館,2025-02-26,スマスロモンキーターンV,2241,107,4655,0,0,-,2025-12-26 09:17:42
20196,エスパス上野新館,2025-02-26,SアイムジャグラーＥＸ,2106,106,1500,5,8,1/115,2025-12-26 09:17:42
20197,エスパス上野新館,2025-02-26,キングハナハナ-30,2077,106,1169,0,0,-,2025-12-26 09:17:42
20198,エスパス上野新館,2025-02-26,クランキークレスト,3018,105,1732,0,0,-,2025-12-26 09:17:42
20199,エスパス上野新館,2025-02-26,キングハナハナ-30,2078,104,2987,0,0,-,2025-12-26 09:17:42
20200,エスパス上野新館,2025-02-26,SアイムジャグラーＥＸ,2095,104,421,2,0,1/211,2025-12-26 09:17:42
20201,エスパス上野新館,2025-02-26,沖ドキ！ＧＯＬＤ-30,2075,104,2336,0,0,-,2025-12-26 09:17:42
20202,エスパス上野新館,2025-02-26,マイジャグラーV,2014,104,4797,16,14,1/160,2025-12-26 09:17:42
20203,エスパス上野新館,2025-02-26,ゴーゴージャグラー３,2049,101,1859,9,2,1/169,2025-12-26 09:17:42
20204,エスパス上野新館,2025-02-26,L聖闘士星矢 海皇覚醒 CUSTOM EDITION,3041,0,58,0,0,-,2025-12-26 09:17:42
20205,エスパス上野新館,2025-02-26,Lソードアート・オンライン,3050,0,0,0,0,-,2025-12-26 09:17:42
20206,エスパス上野新館,2025-02-26,L新・必殺仕置人 回胴 CRASH SPEC,3028,0,43,0,0,-,2025-12-26 09:17:42
20207,エスパス上野新館,2025-02-26,SアイムジャグラーＥＸ,2097,0,673,2,4,1/112,2025-12-26 09:17:42
20208,エスパス上野新館,2025-02-26,スロット Re:ゼロから始める異世界生活 season2,3113,0,0,0,0,-,2025-12-26 09:17:42
20209,エスパス上野新館,2025-02-26,Lラブ嬢3～Wご指名はいかがですか?～,3060,0,2976,0,0,-,2025-12-26 09:17:42
20210,エスパス上野新館,2025-02-26,スロット Re:ゼロから始める異世界生活 season2,3112,0,0,0,0,-,2025-12-26 09:17:42
20211,エスパス上野新館,2025-02-26,L主役は銭形４,3034,0,0,0,0,-,2025-12-26 09:17:42
20212,エスパス上野新館,2025-02-26,Lパチスロ炎炎ノ消防隊,3096,0,0,0,0,-,2025-12-26 09:17:42
20213,エスパス上野新館,2025-02-26,スロット ゾンビランドサガ,3094,0,38,0,0,-,2025-12-26 09:17:42
20214,エスパス上野新館,2025-02-26,スマスロ 一方通行 とある魔術の禁書目録,3090,0,0,0,0,-,2025-12-26 09:17:42
20215,エスパス上野新館,2025-02-26,押忍！番長4,3093,0,371,0,0,-,2025-12-26 09:17:42
20216,エスパス上野新館,2025-02-26,Lパチスロガールズ＆パンツァー 最終章,3040,0,0,0,0,-,2025-12-26 09:17:42
20217,エスパス上野新館,2025-02-26,Lパチスロガールズ＆パンツァー 最終章,3039,0,0,0,0,-,2025-12-26 09:17:42
20218,エスパス上野新館,2025-02-26,マイジャグラーV,2119,0,1755,8,1,1/195,2025-12-26 09:17:42
20219,エスパス上野新館,2025-02-26,L主役は銭形４,3033,0,0,0,0,-,2025-12-26 09:17:42
20220,エスパス上野新館,2025-02-26,SアイムジャグラーＥＸ,2116,0,2724,9,9,1/151,2025-12-26 09:17:42
20221,エスパス上野新館,2025-02-26,スマスロ 一方通行 とある魔術の禁書目録,3089,0,0,0,0,-,2025-12-26 09:17:42
20222,エスパス上野新館,2025-02-26,スロット Re:ゼロから始める異世界生活 season2,3111,0,0,0,0,-,2025-12-26 09:17:42
20223,エスパス上野新館,2025-02-26,スマスロ痛いのは嫌なので防御力に極振りしたいと思います。,3099,0,0,0,0,-,2025-12-26 09:17:42
20224,エスパス上野新館,2025-02-26,スマスロ真・北斗無双,3026,0,0,0,0,-,2025-12-26 09:17:42
20225,エスパス上野新館,2025-02-26,L戦国乙女４　戦乱に閃く炯眼の軍師,2058,0,0,0,0,-,2025-12-26 09:17:42
20226,エスパス上野新館,2025-02-26,桃太郎電鉄～パチスロも定番！～,3025,0,0,0,0,-,2025-12-26 09:17:42
20227,エスパス上野新館,2025-02-26,スマスロ バイオハザード ヴィレッジ,2068,0,74,0,0,-,2025-12-26 09:17:42
20228,エスパス上野新館,2025-02-26,Lソードアート・オンライン,3049,0,0,0,0,-,2025-12-26 09:17:42
20229,エスパス上野新館,2025-02-26,ゴーゴージャグラー３,2048,0,1231,6,1,1/176,2025-12-26 09:17:42
20230,エスパス上野新館,2025-02-26,スロット Re:ゼロから始める異世界生活 season2,3114,0,0,0,0,-,2025-12-26 09:17:42
20231,エスパス上野新館,2025-02-26,Lスマスロ　バイオハザード：ヴェンデッタ,2188,0,0,0,0,-,2025-12-26 09:17:42
20232,エスパス上野新館,2025-02-26,Lスマスロ　バイオハザード：ヴェンデッタ,2189,0,0,0,0,-,2025-12-26 09:17:42
20233,エスパス上野新館,2025-02-26,スマスロ 七つの魔剣が支配する,2207,0,372,0,0,-,2025-12-26 09:17:42
20234,エスパス上野新館,2025-02-26,Lスマスロ北斗の拳,2219,0,1366,11,3,1/98,2025-12-26 09:17:42
20235,エスパス上野新館,2025-02-26,A-SLOT+ ディスクアップ ULTRAREMIX,3006,0,6876,24,13,1/186,2025-12-26 09:17:42
20236,エスパス上野新館,2025-02-26,Lパチスロ シン・エヴァンゲリオン,2186,0,0,0,0,-,2025-12-26 09:17:42
20237,エスパス上野新館,2025-02-26,スマスロ スーパーブラックジャック,2259,0,0,0,0,-,2025-12-26 09:17:42
20238,エスパス上野新館,2025-02-26,Lスマスロ北斗の拳,2227,0,1653,13,5,1/92,2025-12-26 09:17:42
20239,エスパス上野新館,2025-02-26,Lパチスロ かぐや様は告らせたい,2198,0,0,0,0,-,2025-12-26 09:17:42
20240,エスパス上野新館,2025-02-26,Lにゃんこ大戦争 超神速,2184,0,1406,0,0,-,2025-12-26 09:17:42
20241,エスパス上野新館,2025-02-26,キングハナハナ-30,2076,-90,534,0,0,-,2025-12-26 09:17:42
20242,エスパス上野新館,2025-02-26,Lパチスロ ありふれた職業で世界最強,2266,-90,674,0,0,-,2025-12-26 09:17:42
20243,エスパス上野新館,2025-02-26,マイジャグラーV,2016,-90,2640,9,8,1/155,2025-12-26 09:17:42
20244,エスパス上野新館,2025-02-26,Lパチスロ閃乱カグラ2 SHINOVI MASTER,3027,-90,381,0,0,-,2025-12-26 09:17:42
20245,エスパス上野新館,2025-02-26,Lパチスロ ありふれた職業で世界最強,2182,-91,323,0,0,-,2025-12-26 09:17:42
20246,エスパス上野新館,2025-02-26,Lラブ嬢3～Wご指名はいかがですか?～,3061,-92,544,0,0,-,2025-12-26 09:17:42
20247,エスパス上野新館,2025-02-26,スマスロ頭文字D 2nd,3110,-93,115,0,0,-,2025-12-26 09:17:42
20248,エスパス上野新館,2025-02-26,Lスマスロ北斗の拳,2232,-93,1795,13,6,1/94,2025-12-26 09:17:42
20249,エスパス上野新館,2025-02-26,ゴーゴージャグラー３,2035,-93,4381,16,15,1/141,2025-12-26 09:17:42
20250,エスパス上野新館,2025-02-26,スマスロ聖戦士ダンバイン,3058,-94,62,0,0,-,2025-12-26 09:17:42
20251,エスパス上野新館,2025-02-26,バーサスリヴァイズ,3011,-94,1192,0,0,-,2025-12-26 09:17:42
20252,エスパス上野新館,2025-02-26,A-SLOT+ この素晴らしい世界に祝福を！,3038,-94,600,0,0,-,2025-12-26 09:17:42
20253,エスパス上野新館,2025-02-26,スマスロモンキーターンV,2238,-95,760,0,0,-,2025-12-26 09:17:42
20254,エスパス上野新館,2025-02-26,パチスロハイパーラッシュ,3070,-95,844,0,0,-,2025-12-26 09:17:42
20255,エスパス上野新館,2025-02-26,マイジャグラーV,2123,-95,2349,8,7,1/157,2025-12-26 09:17:42
20256,エスパス上野新館,2025-02-26,パチスロ　ディスクアップ２,3021,-96,1693,4,5,1/188,2025-12-26 09:17:42
20257,エスパス上野新館,2025-02-26,マイジャグラーV,2024,-97,2395,9,6,1/160,2025-12-26 09:17:42
20258,エスパス上野新館,2025-02-26,スマスロバジリスク～甲賀忍法帖～絆2 天膳 BLACK EDITION,3047,-98,563,0,0,-,2025-12-26 09:17:42
20259,エスパス上野新館,2025-02-26,L南国育ち,2061,-98,860,0,0,-,2025-12-26 09:17:42
20260,エスパス上野新館,2025-02-26,ファンキージャグラー２ＫＴ,2031,-98,3718,12,14,1/143,2025-12-26 09:17:42
20261,エスパス上野新館,2025-02-26,L ＨＥＹ！エリートサラリーマン鏡,3056,-99,158,0,0,-,2025-12-26 09:17:42
20262,エスパス上野新館,2025-02-26,Lパチスロからくりサーカス,2175,-101,3518,0,0,-,2025-12-26 09:17:42
20263,エスパス上野新館,2025-02-26,Lパチスロ ダンベル何キロ持てる？,2131,-190,486,0,0,-,2025-12-26 09:17:42
20264,エスパス上野新館,2025-02-26,Lスマスロ北斗の拳,2210,-191,1512,8,2,1/151,2025-12-26 09:17:42
20265,エスパス上野新館,2025-02-26,押忍！番長4,3092,-191,122,0,0,-,2025-12-26 09:17:42
20266,エスパス上野新館,2025-02-26,Lパチスロからくりサーカス,2172,-193,2755,0,0,-,2025-12-26 09:17:42
20267,エスパス上野新館,2025-02-26,Lパチスロ シン・エヴァンゲリオン,2187,-193,529,0,0,-,2025-12-26 09:17:42
20268,エスパス上野新館,2025-02-26,ハッピージャグラーＶＩＩＩ,2004,-194,433,1,1,1/217,2025-12-26 09:17:42
20269,エスパス上野新館,2025-02-26,スマスロ ゴッドイーター リザレクション,2250,-196,466,0,0,-,2025-12-26 09:17:42
20270,エスパス上野新館,2025-02-26,SアイムジャグラーＥＸ,2108,-197,825,2,2,1/206,2025-12-26 09:17:42
20271,エスパス上野新館,2025-02-26,Lパチスロ ありふれた職業で世界最強,2267,-197,130,0,0,-,2025-12-26 09:17:42
20272,エスパス上野新館,2025-02-26,スマスロ バイオハザード ヴィレッジ,2069,-198,168,0,0,-,2025-12-26 09:17:42
20273,エスパス上野新館,2025-02-26,クランキークレスト,3019,-198,2135,0,0,-,2025-12-26 09:17:42
20274,エスパス上野新館,2025-02-26,パチスロ　甲鉄城のカバネリ,3103,-198,392,0,0,-,2025-12-26 09:17:42
20275,エスパス上野新館,2025-02-26,パチスロ　甲鉄城のカバネリ,3105,-198,425,0,0,-,2025-12-26 09:17:42
20276,エスパス上野新館,2025-02-26,マイジャグラーV,2147,-198,5496,19,17,1/153,2025-12-26 09:17:42
20277,エスパス上野新館,2025-02-26,マイジャグラーV,2150,-199,2436,8,7,1/162,2025-12-26 09:17:42
20278,エスパス上野新館,2025-02-26,マイジャグラーV,2126,-199,3776,15,8,1/164,2025-12-26 09:17:42
20279,エスパス上野新館,2025-02-26,Lスマスロ北斗の拳,2217,-199,2031,17,4,1/97,2025-12-26 09:17:42
20280,エスパス上野新館,2025-02-26,SアイムジャグラーＥＸ,2098,-290,696,2,0,1/348,2025-12-26 09:17:42
20281,エスパス上野新館,2025-02-26,パチスロ　ディスクアップ２,3066,-290,4561,12,8,1/228,2025-12-26 09:17:42
20282,エスパス上野新館,2025-02-26,Lスマスロ北斗の拳,2208,-290,618,3,1,1/155,2025-12-26 09:17:42
20283,エスパス上野新館,2025-02-26,ジャグラーガールズSS,2045,-290,1042,0,0,-,2025-12-26 09:17:42
20284,エスパス上野新館,2025-02-26,Lパチスロからくりサーカス,2169,-290,232,0,0,-,2025-12-26 09:17:42
20285,エスパス上野新館,2025-02-26,スマスロ鬼武者3,3031,-290,295,0,0,-,2025-12-26 09:17:42
20286,エスパス上野新館,2025-02-26,L南国育ち,2060,-291,203,0,0,-,2025-12-26 09:17:42
20287,エスパス上野新館,2025-02-26,SアイムジャグラーＥＸ,2111,-292,443,1,0,1/443,2025-12-26 09:17:42
20288,エスパス上野新館,2025-02-26,マイジャグラーV,2025,-293,2754,8,8,1/172,2025-12-26 09:17:42
20289,エスパス上野新館,2025-02-26,SアイムジャグラーＥＸ,2009,-294,1079,2,3,1/216,2025-12-26 09:17:42
20290,エスパス上野新館,2025-02-26,Lパチスロからくりサーカス,2167,-294,181,0,0,-,2025-12-26 09:17:42
20291,エスパス上野新館,2025-02-26,マイジャグラーV,2029,-294,7116,21,29,1/142,2025-12-26 09:17:42
20292,エスパス上野新館,2025-02-26,ウルトラミラクルジャグラー,2036,-294,433,0,0,-,2025-12-26 09:17:42
20293,エスパス上野新館,2025-02-26,押忍！番長4,3091,-295,157,0,0,-,2025-12-26 09:17:42
20294,エスパス上野新館,2025-02-26,A-SLOT+ この素晴らしい世界に祝福を！,3037,-295,222,0,0,-,2025-12-26 09:17:42
20295,エスパス上野新館,2025-02-26,Lパチスロ シン・エヴァンゲリオン,2185,-296,400,0,0,-,2025-12-26 09:17:42
20296,エスパス上野新館,2025-02-26,スマスロバジリスク～甲賀忍法帖～絆2 天膳 BLACK EDITION,3044,-296,512,0,0,-,2025-12-26 09:17:42
20297,エスパス上野新館,2025-02-26,Lパチスロ革命機ヴァルヴレイヴ,2154,-297,1573,0,0,-,2025-12-26 09:17:42
20298,エスパス上野新館,2025-02-26,SアイムジャグラーＥＸ,2103,-298,1425,4,4,1/178,2025-12-26 09:17:42
20299,エスパス上野新館,2025-02-26,L戦国乙女４　戦乱に閃く炯眼の軍師,2056,-299,227,0,0,-,2025-12-26 09:17:42
20300,エスパス上野新館,2025-02-26,マイジャグラーV,2143,-299,898,3,1,1/225,2025-12-26 09:17:42
20301,エスパス上野新館,2025-02-26,A-SLOT+ ディスクアップ ULTRAREMIX,3005,-300,5938,21,8,1/205,2025-12-26 09:17:42
20302,エスパス上野新館,2025-02-26,パチスロ ガメラ2,3067,-390,1492,0,0,-,2025-12-26 09:17:42
20303,エスパス上野新館,2025-02-26,SアイムジャグラーＥＸ,2107,-390,560,1,0,1/560,2025-12-26 09:17:42
20304,エスパス上野新館,2025-02-26,スマスロ モンスターハンターライズ,2138,-390,3202,0,0,-,2025-12-26 09:17:42
20305,エスパス上野新館,2025-02-26,Lパチスロ ダンベル何キロ持てる？,2133,-391,713,0,0,-,2025-12-26 09:17:42
20306,エスパス上野新館,2025-02-26,ハッピージャグラーＶＩＩＩ,2007,-391,1300,3,4,1/186,2025-12-26 09:17:42
20307,エスパス上野新館,2025-02-26,SアイムジャグラーＥＸ,2100,-393,543,1,0,1/543,2025-12-26 09:17:42
20308,エスパス上野新館,2025-02-26,マイジャグラーV,2148,-393,1694,5,2,1/242,2025-12-26 09:17:42
20309,エスパス上野新館,2025-02-26,バーサスリヴァイズ,3012,-394,1602,0,0,-,2025-12-26 09:17:42
20310,エスパス上野新館,2025-02-26,SアイムジャグラーＥＸ,2104,-395,2777,9,6,1/185,2025-12-26 09:17:42
20311,エスパス上野新館,2025-02-26,SアイムジャグラーＥＸ,2115,-395,988,2,3,1/198,2025-12-26 09:17:42
20312,エスパス上野新館,2025-02-26,Lルパン三世 大航海者の秘宝,2065,-395,352,0,0,-,2025-12-26 09:17:42
20313,エスパス上野新館,2025-02-26,今日から俺は!! パチスロ編,3088,-396,662,0,0,-,2025-12-26 09:17:42
20314,エスパス上野新館,2025-02-26,ウルトラミラクルジャグラー,2037,-396,3489,0,0,-,2025-12-26 09:17:42
20315,エスパス上野新館,2025-02-26,L南国育ち,2062,-397,265,0,0,-,2025-12-26 09:17:42
20316,エスパス上野新館,2025-02-26,マイジャグラーV,2152,-397,2215,7,6,1/170,2025-12-26 09:17:42
20317,エスパス上野新館,2025-02-26,マイジャグラーV,2145,-398,3040,8,12,1/152,2025-12-26 09:17:42
20318,エスパス上野新館,2025-02-26,スマスロモンキーターンV,2242,-398,745,0,0,-,2025-12-26 09:17:42
20319,エスパス上野新館,2025-02-26,スマスロ ゴッドイーター リザレクション,2251,-398,793,0,0,-,2025-12-26 09:17:42
20320,エスパス上野新館,2025-02-26,ゴーゴージャグラー３,2054,-399,323,0,0,-,2025-12-26 09:17:42
20321,エスパス上野新館,2025-02-26,Lスマスロ北斗の拳,2211,-400,3408,29,6,1/97,2025-12-26 09:17:42
20322,エスパス上野新館,2025-02-26,Lパチスロ革命機ヴァルヴレイヴ,2156,-489,3374,0,0,-,2025-12-26 09:17:42
20323,エスパス上野新館,2025-02-26,チバリヨ2,2079,-490,392,0,0,-,2025-12-26 09:17:42
20324,エスパス上野新館,2025-02-26,Lスマスロ北斗の拳,2224,-490,682,3,1,1/171,2025-12-26 09:17:42
20325,エスパス上野新館,2025-02-26,パチスロ　ディスクアップ２,3023,-493,831,2,0,1/416,2025-12-26 09:17:42
20326,エスパス上野新館,2025-02-26,マイジャグラーV,2026,-493,7358,20,36,1/131,2025-12-26 09:17:42
20327,エスパス上野新館,2025-02-26,SアイムジャグラーＥＸ,2112,-494,937,2,2,1/234,2025-12-26 09:17:42
20328,エスパス上野新館,2025-02-26,Lスマスロ北斗の拳,2215,-494,658,3,1,1/165,2025-12-26 09:17:42
20329,エスパス上野新館,2025-02-26,スマスロ シャーマンキング,2268,-495,412,0,0,-,2025-12-26 09:17:42
20330,エスパス上野新館,2025-02-26,沖ドキ！ＧＯＬＤ-30,2090,-495,897,0,0,-,2025-12-26 09:17:42
20331,エスパス上野新館,2025-02-26,スマスロ ゴッドイーター リザレクション,2252,-498,597,0,0,-,2025-12-26 09:17:42
20332,エスパス上野新館,2025-02-26,ジャグラーガールズSS,2043,-498,1212,0,0,-,2025-12-26 09:17:42
20333,エスパス上野新館,2025-02-26,クランキークレスト,3020,-499,1261,0,0,-,2025-12-26 09:17:42
20334,エスパス上野新館,2025-02-26,ファミスタ回胴版！！,3017,-499,1795,0,0,-,2025-12-26 09:17:42
20335,エスパス上野新館,2025-02-26,パチスロハイパーラッシュ,3071,-499,434,0,0,-,2025-12-26 09:17:42
20336,エスパス上野新館,2025-02-26,マイジャグラーV,2121,-499,1423,3,4,1/203,2025-12-26 09:17:42
20337,エスパス上野新館,2025-02-26,Lパチスロ ありふれた職業で世界最強,2180,-590,767,0,0,-,2025-12-26 09:17:42
20338,エスパス上野新館,2025-02-26,マイジャグラーV,2022,-591,2381,7,3,1/238,2025-12-26 09:17:42
20339,エスパス上野新館,2025-02-26,パチスロ戦国恋姫,3065,-592,1348,0,0,-,2025-12-26 09:17:42
20340,エスパス上野新館,2025-02-26,Lサラリーマン金太郎,2203,-593,610,0,0,-,2025-12-26 09:17:42
20341,エスパス上野新館,2025-02-26,マイジャグラーV,2028,-593,1994,5,6,1/181,2025-12-26 09:17:42
20342,エスパス上野新館,2025-02-26,ウルトラミラクルジャグラー,2038,-594,1002,0,0,-,2025-12-26 09:17:42
20343,エスパス上野新館,2025-02-26,Lパチスロからくりサーカス,2173,-595,369,0,0,-,2025-12-26 09:17:42
20344,エスパス上野新館,2025-02-26,チバリヨ2,2080,-597,363,0,0,-,2025-12-26 09:17:42
20345,エスパス上野新館,2025-02-26,SアイムジャグラーＥＸ,2094,-597,1842,3,8,1/167,2025-12-26 09:17:42
20346,エスパス上野新館,2025-02-26,ハッピージャグラーＶＩＩＩ,2002,-597,1365,4,2,1/228,2025-12-26 09:17:42
20347,エスパス上野新館,2025-02-26,ハッピージャグラーＶＩＩＩ,2001,-599,2875,8,10,1/160,2025-12-26 09:17:42
20348,エスパス上野新館,2025-02-26,この素晴らしい世界に祝福を！,3064,-599,2885,0,0,-,2025-12-26 09:17:42
20349,エスパス上野新館,2025-02-26,ゴーゴージャグラー３,2050,-691,809,1,2,1/270,2025-12-26 09:17:42
20350,エスパス上野新館,2025-02-26,新ハナビ,3073,-691,903,0,0,-,2025-12-26 09:17:42
20351,エスパス上野新館,2025-02-26,ジャグラーガールズSS,2042,-693,2827,0,0,-,2025-12-26 09:17:42
20352,エスパス上野新館,2025-02-26,L ToLOVEるダークネス,2195,-693,649,0,0,-,2025-12-26 09:17:42
20353,エスパス上野新館,2025-02-26,ジャグラーガールズSS,2046,-693,1651,0,0,-,2025-12-26 09:17:42
20354,エスパス上野新館,2025-02-26,ファンキージャグラー２ＫＴ,2033,-694,1822,5,3,1/228,2025-12-26 09:17:42
20355,エスパス上野新館,2025-02-26,Lサラリーマン金太郎,2204,-695,1584,0,0,-,2025-12-26 09:17:42
20356,エスパス上野新館,2025-02-26,Lスマスロ北斗の拳,2218,-696,1229,6,3,1/137,2025-12-26 09:17:42
20357,エスパス上野新館,2025-02-26,ハッピージャグラーＶＩＩＩ,2003,-696,1183,2,3,1/237,2025-12-26 09:17:42
20358,エスパス上野新館,2025-02-26,L主役は銭形４,3032,-697,501,0,0,-,2025-12-26 09:17:42
20359,エスパス上野新館,2025-02-26,沖ドキ！ＧＯＬＤ-30,2074,-698,1849,0,0,-,2025-12-26 09:17:42
20360,エスパス上野新館,2025-02-26,Lラブ嬢3～Wご指名はいかがですか?～,3062,-698,1294,0,0,-,2025-12-26 09:17:42
20361,エスパス上野新館,2025-02-26,Lパチスロ革命機ヴァルヴレイヴ,2177,-699,1543,0,0,-,2025-12-26 09:17:42
20362,エスパス上野新館,2025-02-26,スマスロ シャーマンキング,2205,-699,970,0,0,-,2025-12-26 09:17:42
20363,エスパス上野新館,2025-02-26,マイジャグラーV,2018,-703,2485,7,6,1/191,2025-12-26 09:17:42
20364,エスパス上野新館,2025-02-26,パチスロ　ディスクアップ２,3022,-703,1901,4,5,1/211,2025-12-26 09:17:42
20365,エスパス上野新館,2025-02-26,Lスマスロ北斗の拳,2231,-793,2875,20,4,1/120,2025-12-26 09:17:42
20366,エスパス上野新館,2025-02-26,スマスロ シャーマンキング,2206,-794,1342,0,0,-,2025-12-26 09:17:42
20367,エスパス上野新館,2025-02-26,チバリヨ2,2084,-795,968,0,0,-,2025-12-26 09:17:42
20368,エスパス上野新館,2025-02-26,マイジャグラーV,2013,-798,5730,18,16,1/169,2025-12-26 09:17:42
20369,エスパス上野新館,2025-02-26,マイジャグラーV,2141,-799,4847,14,13,1/180,2025-12-26 09:17:42
20370,エスパス上野新館,2025-02-26,ミスタージャグラー,2039,-893,2022,0,0,-,2025-12-26 09:17:42
20371,エスパス上野新館,2025-02-26,A-SLOT+ ディスクアップ ULTRAREMIX,3007,-893,1283,2,2,1/321,2025-12-26 09:17:42
20372,エスパス上野新館,2025-02-26,マイジャグラーV,2120,-897,2296,5,6,1/209,2025-12-26 09:17:42
20373,エスパス上野新館,2025-02-26,Lパチスロ かぐや様は告らせたい,2202,-897,963,0,0,-,2025-12-26 09:17:42
20374,エスパス上野新館,2025-02-26,L犬夜叉2,3053,-899,1568,0,0,-,2025-12-26 09:17:42
20375,エスパス上野新館,2025-02-26,Lパチスロ かぐや様は告らせたい,2201,-901,1588,0,0,-,2025-12-26 09:17:42
20376,エスパス上野新館,2025-02-26,ジャグラーガールズSS,2044,-902,2214,0,0,-,2025-12-26 09:17:42
20377,エスパス上野新館,2025-02-26,Lパチスロ ダンベル何キロ持てる？,2132,-904,1468,0,0,-,2025-12-26 09:17:42
20378,エスパス上野新館,2025-02-26,スマスロ モンスターハンターライズ,2140,-993,1821,0,0,-,2025-12-26 09:17:42
20379,エスパス上野新館,2025-02-26,Lパチスロ革命機ヴァルヴレイヴ,2264,-994,4808,0,0,-,2025-12-26 09:17:42
20380,エスパス上野新館,2025-02-26,Lパチスロ革命機ヴァルヴレイヴ,2157,-994,3106,0,0,-,2025-12-26 09:17:42
20381,エスパス上野新館,2025-02-26,SアイムジャグラーＥＸ,2261,-994,1420,2,1,1/473,2025-12-26 09:17:42
20382,エスパス上野新館,2025-02-26,スマスロ スーパーブラックジャック,2257,-994,2324,0,0,-,2025-12-26 09:17:42
20383,エスパス上野新館,2025-02-26,スマスロ ゴッドイーター リザレクション,2253,-994,2869,0,0,-,2025-12-26 09:17:42
20384,エスパス上野新館,2025-02-26,スマスロバジリスク～甲賀忍法帖～絆2 天膳 BLACK EDITION,3045,-995,935,0,0,-,2025-12-26 09:17:42
20385,エスパス上野新館,2025-02-26,Lパチスロからくりサーカス,2171,-996,774,0,0,-,2025-12-26 09:17:42
20386,エスパス上野新館,2025-02-26,L犬夜叉2,3051,-997,697,0,0,-,2025-12-26 09:17:42
20387,エスパス上野新館,2025-02-26,マイジャグラーV,2128,-997,4200,12,16,1/150,2025-12-26 09:17:42
20388,エスパス上野新館,2025-02-26,SアイムジャグラーＥＸ,2101,-1096,3617,9,7,1/226,2025-12-26 09:17:42
20389,エスパス上野新館,2025-02-26,Lバンドリ！,3035,-1097,833,0,0,-,2025-12-26 09:17:42
20390,エスパス上野新館,2025-02-26,Lルパン三世 大航海者の秘宝,2066,-1099,782,0,0,-,2025-12-26 09:17:42
20391,エスパス上野新館,2025-02-26,SアイムジャグラーＥＸ,2008,-1099,6400,20,21,1/156,2025-12-26 09:17:42
20392,エスパス上野新館,2025-02-26,スマスロ ゴッドイーター リザレクション,2254,-1099,1398,0,0,-,2025-12-26 09:17:42
20393,エスパス上野新館,2025-02-26,マイジャグラーV,2020,-1100,2556,5,9,1/183,2025-12-26 09:17:42
20394,エスパス上野新館,2025-02-26,Lスマスロ北斗の拳,2223,-1101,1900,10,4,1/136,2025-12-26 09:17:42
20395,エスパス上野新館,2025-02-26,ファンキージャグラー２ＫＴ,2032,-1102,1782,3,2,1/356,2025-12-26 09:17:42
20396,エスパス上野新館,2025-02-26,Lパチスロ ダンベル何キロ持てる？,2129,-1103,2031,0,0,-,2025-12-26 09:17:42
20397,エスパス上野新館,2025-02-26,この素晴らしい世界に祝福を！,3063,-1105,2028,0,0,-,2025-12-26 09:17:42
20398,エスパス上野新館,2025-02-26,Lスマスロ北斗の拳,2212,-1190,2220,11,4,1/148,2025-12-26 09:17:42
20399,エスパス上野新館,2025-02-26,スマスロ痛いのは嫌なので防御力に極振りしたいと思います。,3101,-1195,911,0,0,-,2025-12-26 09:17:42
20400,エスパス上野新館,2025-02-26,L東京喰種,2164,-1288,6267,0,0,-,2025-12-26 09:17:42
20401,エスパス上野新館,2025-02-26,Lスマスロ北斗の拳,2225,-1297,1317,4,1,1/263,2025-12-26 09:17:42
20402,エスパス上野新館,2025-02-26,Lパチスロ革命機ヴァルヴレイヴ,2158,-1298,1498,0,0,-,2025-12-26 09:17:42
20403,エスパス上野新館,2025-02-26,マイジャグラーV,2262,-1298,5243,12,20,1/164,2025-12-26 09:17:42
20404,エスパス上野新館,2025-02-26,スマスロ モンスターハンターライズ,2191,-1299,3354,0,0,-,2025-12-26 09:17:42
20405,エスパス上野新館,2025-02-26,マイジャグラーV,2017,-1304,3256,8,8,1/204,2025-12-26 09:17:42
20406,エスパス上野新館,2025-02-26,スマスロモンキーターンV,2245,-1391,2446,0,0,-,2025-12-26 09:17:42
20407,エスパス上野新館,2025-02-26,ミスタージャグラー,2041,-1497,3984,0,0,-,2025-12-26 09:17:42
20408,エスパス上野新館,2025-02-26,沖ドキ！BLACK,2260,-1499,2166,0,0,-,2025-12-26 09:17:42
20409,エスパス上野新館,2025-02-26,Lパチスロ ありふれた職業で世界最強,2181,-1505,2019,0,0,-,2025-12-26 09:17:42
20410,エスパス上野新館,2025-02-26,Lスマスロ北斗の拳,2209,-1505,2361,13,3,1/148,2025-12-26 09:17:42
20411,エスパス上野新館,2025-02-26,スマスロ モンスターハンターライズ,2136,-1591,2459,0,0,-,2025-12-26 09:17:42
20412,エスパス上野新館,2025-02-26,スマスロ ゴッドイーター リザレクション,2247,-1595,1663,0,0,-,2025-12-26 09:17:42
20413,エスパス上野新館,2025-02-26,L戦国乙女４　戦乱に閃く炯眼の軍師,2057,-1600,3166,0,0,-,2025-12-26 09:17:42
20414,エスパス上野新館,2025-02-26,Lパチスロ かぐや様は告らせたい,2199,-1700,4686,0,0,-,2025-12-26 09:17:42
20415,エスパス上野新館,2025-02-26,Lパチスロ かぐや様は告らせたい,2200,-1702,1503,0,0,-,2025-12-26 09:17:42
20416,エスパス上野新館,2025-02-26,スマスロ頭文字D 2nd,3109,-1703,3058,0,0,-,2025-12-26 09:17:42
20417,エスパス上野新館,2025-02-26,スマスロ モンスターハンターライズ,2190,-1790,1906,0,0,-,2025-12-26 09:17:42
20418,エスパス上野新館,2025-02-26,Lスマスロ北斗の拳,2220,-1795,2835,13,4,1/167,2025-12-26 09:17:42
20419,エスパス上野新館,2025-02-26,スマスロモンキーターンV,2240,-1987,3373,0,0,-,2025-12-26 09:17:42
20420,エスパス上野新館,2025-02-26,Lパチスロ革命機ヴァルヴレイヴ,2265,-1991,4667,0,0,-,2025-12-26 09:17:42
20421,エスパス上野新館,2025-02-26,L東京喰種,2163,-1991,4044,0,0,-,2025-12-26 09:17:42
20422,エスパス上野新館,2025-02-26,スマスロモンキーターンV,2244,-2096,2339,0,0,-,2025-12-26 09:17:42
20423,エスパス上野新館,2025-02-26,スマスロ スーパーブラックジャック,2273,-2099,4195,0,0,-,2025-12-26 09:17:42
20424,エスパス上野新館,2025-02-26,Lパチスロ革命機ヴァルヴレイヴ,2179,-2199,2482,0,0,-,2025-12-26 09:17:42
20425,エスパス上野新館,2025-02-26,Lスマスロ北斗の拳,2272,-2201,6023,37,15,1/116,2025-12-26 09:17:42
20426,エスパス上野新館,2025-02-26,ハッピージャグラーＶＩＩＩ,2006,-2202,4764,10,11,1/227,2025-12-26 09:17:42
20427,エスパス上野新館,2025-02-26,沖ドキ！ＧＯＬＤ-30,2073,-2297,4095,0,0,-,2025-12-26 09:17:42
20428,エスパス上野新館,2025-02-26,Lルパン三世 大航海者の秘宝,2064,-2496,3201,0,0,-,2025-12-26 09:17:42
20429,エスパス上野新館,2025-02-26,スマスロバジリスク～甲賀忍法帖～絆2 天膳 BLACK EDITION,3046,-2502,2677,0,0,-,2025-12-26 09:17:42
20430,エスパス上野新館,2025-02-26,Lにゃんこ大戦争 超神速,2183,-2502,2827,0,0,-,2025-12-26 09:17:42
20431,エスパス上野新館,2025-02-26,L ToLOVEるダークネス,2196,-2503,2143,0,0,-,2025-12-26 09:17:42
20432,エスパス上野新館,2025-02-26,L東京喰種,2162,-2591,6894,0,0,-,2025-12-26 09:17:42
20433,エスパス上野新館,2025-02-26,スマスロモンキーターンV,2236,-2799,3247,0,0,-,2025-12-26 09:17:42
20434,エスパス上野新館,2025-02-26,Lゴジラ対エヴァンゲリオン,3029,-3009,3646,0,0,-,2025-12-26 09:17:42
20435,エスパス上野新館,2025-02-26,Lパチスロからくりサーカス,2168,-3096,2805,0,0,-,2025-12-26 09:17:42
20436,エスパス上野新館,2025-02-26,Lスマスロ北斗の拳,2221,-3096,6067,32,11,1/141,2025-12-26 09:17:42
20437,エスパス上野新館,2025-02-26,L東京喰種,2166,-3686,5793,0,0,-,2025-12-26 09:17:42
20438,エスパス上野新館,2025-02-26,沖ドキ!ゴージャス 30Φ,2082,-3996,3863,0,0,-,2025-12-26 09:17:42
20439,エスパス上野新館,2025-02-26,L東京喰種,2161,-4087,5622,0,0,-,2025-12-26 09:17:42
20440,エスパス上野新館,2025-02-26,Lパチスロ革命機ヴァルヴレイヴ,2176,-4411,5223,0,0,-,2025-12-26 09:17:42
